(E (C (F (C a)))):[-0.25283169  0.6844227   0.73871299 -1.04787861  0.63080664 -0.34525912  -0.30439638  0.20471513 -0.98661907  0.00725446 -0.43371481  0.42689391   0.9125421   0.22334897  0.22814824 -0.39332803  0.53699032  0.6686084   0.28604057  0.09088949 -0.81359048 -0.00293792 -0.55369611  0.06723622  -0.24274671 -1.04593147  1.00545148  0.25699015  1.00231409  1.02666175  -0.57410376  0.57045522]
(C (F e)(C (D f))(C b)):[-1.64798121  0.79174543 -1.47341916  0.1949284   0.14222014 -0.94632219   1.02794215 -0.94056645  0.36383902  0.96894779 -0.1208444   1.48390522  -1.52059838  0.74380847 -0.80894236 -0.65190618  1.81138762 -0.35428674   1.07457679  0.2681309  -0.08949001  0.67853738 -1.62019187  0.43819748  -0.46198657  0.14870977  1.96277195 -0.08394786  1.69374446 -0.4401813   0.16351099  0.08721982]
(F (B (D (B (E b)(B (A b)))))):[  7.72225695e-01   3.49637261e-02   5.87954788e-01  -4.22179821e-01    2.20563835e-01   4.21480634e-02   8.79068687e-01  -1.06363919e-01    4.93015790e-01   5.62235358e-01   5.24709252e-01   4.77669628e-01    7.93838281e-01  -1.67266320e-01   3.54363565e-01  -6.40739783e-01    2.43136181e-01  -3.38533756e-01   1.41672370e-01  -2.31670909e-01   -3.01975629e-01  -5.87623893e-01  -8.05214317e-01  -8.74409822e-01   -3.37030671e-01   2.06738977e-01   7.30637045e-04   2.20145242e-01    4.60203333e-01  -4.02337733e-01   6.81794041e-02  -4.33583720e-01]
(F (B (D (B d))(A b))):[ 0.87756293  0.28474318  0.209134   -0.56985234  0.08852444 -0.08585197   0.56089517 -0.07722706  0.50980022 -0.04576671 -0.34232698  0.44381799  -0.05642409  0.00344385  0.62496843 -0.02026868  0.24367363 -0.17102135   0.31518987 -0.40587838 -0.51774038 -0.35853209  0.25986704 -0.28651087  -0.25517215  0.09129016 -0.32426459  0.23434968  0.07825431 -0.06260039   0.09796834 -0.37320039]
(D (D e)(F d)(B f)):[ 0.14231509 -0.42312666  0.06036033 -0.37633771  0.03952485  0.01299812   0.37300723 -0.1519233   0.28615924  0.12771547  0.2367102   0.03729933  -0.52545721 -0.10624351 -0.16746516 -0.24571451  0.35383706  0.1457624  -0.32816327 -0.44720328  0.36901931  0.16894937 -0.32228126 -0.36694044   0.27870728  0.0825632   0.18949652  0.48147003 -0.39618017 -0.29126506   0.10236587  0.3904828 ]
(E (A d)(B c)):[-0.24672322  0.56580542 -0.30436695 -0.0029686  -0.10221762  0.11935971  -0.07272135  0.32465596 -0.17813627 -0.09130611  0.20820627  0.50400688  -0.16194084  0.05212602 -0.11164072  0.38337042 -0.43566849  0.15668847  -0.02356818  0.05582837 -0.321111    0.44449374  0.3677916   0.15523468  -0.26284664 -0.0482152  -0.03531932  0.14580128  0.1944969   0.42166558  -0.41828905 -0.36024299]
(F (C b)(F (D (E e))(A b))):[ 0.21726509 -0.78470215  0.51376733 -0.82270855  1.10954374  0.14569943   1.07896231 -0.06475009  0.03012011 -0.48250673  0.22377619 -0.42659349   1.262109   -0.07163874  1.52536204 -1.03800472  0.18710689  0.16033526  -0.23909917 -0.45462858  0.43586564  0.33746546  1.01614168 -0.59131641   0.91704277 -0.9468658   0.09999814 -0.59345609  0.80677543  0.01307166   0.42024901 -0.84950931]
(B (B (E (A (D a)(D c)(D f))))):[-3.62120989 -3.06528008 -1.85220161  5.86706916  1.68252323 -1.30752748  -6.02430289 -0.58473129  0.83956354  5.87856306  0.40592869 -1.68006127  -4.9490498   1.84747411  3.25324095  3.38745115 -3.8661367  -2.74011989  -1.11281694  4.84324309  2.3943633  -1.38641774 -5.08375134 -1.76322334   3.04386265  4.49516765  0.89580387 -3.0526605  -3.45103099  1.2542961   3.48579512  2.97400857]
(A (C (D e))(F f)(F (F (C d)))):[ 2.04048401  1.85152206  2.19846167  0.12358752 -0.99606047 -1.07232123  -1.01923105  0.1836672   1.19111234  1.523354    0.62662021 -0.88760037  -1.56598779 -1.50615164 -0.73146472  0.57256287  1.48766677  2.34109732   0.33252556 -0.65156966 -1.20879602 -2.00029804 -1.32614786  0.76983013   1.4915879   2.04309872  0.50570521  0.03972745 -2.11212873 -1.70199299  -0.47378257  0.17938776]
(A (F f)(F (D d))):[ 0.21819533 -0.36830296 -0.04579341 -0.673145    0.09702462 -0.03547667   0.52966035 -0.33762448  0.51306873 -0.65015872  0.53622169 -0.67994157   0.31330868  0.42049732  0.16635325 -0.28564792  0.18783822  0.03193785  -0.60870476 -0.27325353  0.77122349 -0.20077343  0.44006981 -0.18833188   0.59534128 -1.34225182 -0.00400497 -0.47345084  0.38337088 -0.30154393   0.94644729  0.08496051]
